0 0.04 5.089 0.02 5.093 0
1 2.87 6.993 2.91 7.829 0
2 4.41 7.045 4.39 8.325 0
3 5.88 7.089 5.9 8.813 0
4 7.39 7.125 7.41 9.273 0
5 8.89 7.161 8.89 9.713 0
6 10.37 7.185 10.4 10.133 0
7 11.84 7.213 11.87 10.549 0
8 13.36 7.241 13.36 10.965 0
9 14.84 7.265 14.87 11.373 0
10 16.33 7.289 16.36 11.781 00
11 17.82 7.305 17.86 12.189 0
12 19.32 7.333 19.42 12.605 0
13 22.39 7.369 22.46 13.429 0
14 25.4 7.409 25.45 14.245 0
15 28.42 7.445 28.51 15.069 0
16 31.47 7.477 31.54 15.889 0
17 34.5 7.509 34.61 16.709 0
18 37.49 7.537 37.67 17.517 0
19 40.58 7.565 40.71 18.329 0
20 43.58 7.585 43.81 19.145 0
21 46.58 7.613 46.82 19.945 0
22 49.69 7.637 49.9 20.769 0
23 52.65 7.665 52.94 21.569 0
24 58.7 7.713 59.06 23.185 0
25 64.68 7.761 65.09 24.793 0
26 70.67 7.809 71.18 26.401 0
27 76.65 7.853 77.25 28.001 0
28 82.67 7.897 83.35 29.633 0
29 88.65001 7.941 89.42 31.217 0
30 94.46 7.985 95.30001 32.001 00
31 100.32 8.029 100.82 32.001 0
32 0.02 5.105 0.04 5.105 0
